[gd_scene load_steps=7 format=3 uid="uid://dykf5xbcmwrx7"]

[ext_resource type="PackedScene" path="res://assets/levelElements/Floor.tscn" id="1_486vs"]
[ext_resource type="PackedScene" uid="uid://b74gfdsfai4sa" path="res://assets/levelElements/TestBall.tscn" id="2_ac7km"]
[ext_resource type="PackedScene" uid="uid://d2uoipc5vrrmi" path="res://assets/levelElements/Wall.tscn" id="3_01o2t"]
[ext_resource type="PackedScene" uid="uid://s7ktxprbqvns" path="res://units/meeple.tscn" id="4_1funl"]
[ext_resource type="PackedScene" path="res://assets/gameplay/FloorSpawner.tscn" id="4_sscqf"]
[ext_resource type="PackedScene" path="res://assets/gameplay/WallSpawner.tscn" id="5_qg3o4"]

[node name="Level" type="Node3D"]

[node name="Floor" parent="." instance=ExtResource("1_486vs")]

[node name="Camera3D" type="Camera3D" parent="."]
transform = Transform3D(1, 0, 0, 0, 0.707106, 0.707106, 0, -0.707106, 0.707106, 0, 30, 40)
current = true

[node name="East Wall" parent="." instance=ExtResource("3_01o2t")]
transform = Transform3D(-1.74846e-07, 0, -1, 0, 1, 0, 4, 0, -4.37114e-08, 20, 0, 0)

[node name="West Wall" parent="." instance=ExtResource("3_01o2t")]
transform = Transform3D(-1.74846e-07, 0, 1, 0, 1, 0, -4, 0, -4.37114e-08, -20, 0, 0)

[node name="North Wall" parent="." instance=ExtResource("3_01o2t")]
transform = Transform3D(4, 0, 0, 0, 1, 0, 0, 0, 1, 0, 0, -20)

[node name="South Wall" parent="." instance=ExtResource("3_01o2t")]
transform = Transform3D(-4, 0, -8.74228e-08, 0, 1, 0, 3.49691e-07, 0, -1, 0, 0, 20)

[node name="Meeple" parent="." instance=ExtResource("4_1funl")]
transform = Transform3D(1, 0, 0, 0, 1, 0, 0, 0, 1, -4.45757, 0, -14.3635)
direction_update_period_min = 0.7
direction_update_period_max = 1.6

[node name="Meeple2" parent="." node_paths=PackedStringArray("area") instance=ExtResource("4_1funl")]
transform = Transform3D(1, 0, 0, 0, 1, 0, 0, 0, 1, -14.2287, 0, 12.365)
area = NodePath("../Meeple/Area3D")
direction_update_period_min = 0.7
direction_update_period_max = 1.6

[node name="Meeple3" parent="." node_paths=PackedStringArray("area") instance=ExtResource("4_1funl")]
transform = Transform3D(1, 0, 0, 0, 1, 0, 0, 0, 1, 8.08122, 0, 13.7231)
area = NodePath("../Meeple/Area3D")
direction_update_period_min = 0.7
direction_update_period_max = 1.6

[node name="Meeple4" parent="." node_paths=PackedStringArray("area") instance=ExtResource("4_1funl")]
transform = Transform3D(1, 0, 0, 0, 1, 0, 0, 0, 1, 1.54675, 0, -17.0713)
area = NodePath("../Meeple/Area3D")
direction_update_period_min = 0.7
direction_update_period_max = 1.6

[node name="Meeple5" parent="." node_paths=PackedStringArray("area") instance=ExtResource("4_1funl")]
transform = Transform3D(1, 0, 0, 0, 1, 0, 0, 0, 1, -8.22442, 0, 9.6572)
area = NodePath("../Meeple/Area3D")
direction_update_period_min = 0.7
direction_update_period_max = 1.6

[node name="Meeple6" parent="." node_paths=PackedStringArray("area") instance=ExtResource("4_1funl")]
transform = Transform3D(1, 0, 0, 0, 1, 0, 0, 0, 1, 14.0855, 0, 11.0153)
area = NodePath("../Meeple/Area3D")
direction_update_period_min = 0.7
direction_update_period_max = 1.6

[node name="Meeple7" parent="." node_paths=PackedStringArray("area") instance=ExtResource("4_1funl")]
transform = Transform3D(0.725819, 0, 0.687886, 0, 1, 0, -0.687886, 0, 0.725819, -15.6402, 0, -10.729)
area = NodePath("../Meeple/Area3D")
direction_update_period_min = 0.7
direction_update_period_max = 1.6

[node name="Meeple8" parent="." node_paths=PackedStringArray("area") instance=ExtResource("4_1funl")]
transform = Transform3D(0.725819, 0, 0.687886, 0, 1, 0, -0.687886, 0, 0.725819, -4.34612, 0, 15.3925)
area = NodePath("../Meeple/Area3D")
direction_update_period_min = 0.7
direction_update_period_max = 1.6

[node name="Meeple9" parent="." node_paths=PackedStringArray("area") instance=ExtResource("4_1funl")]
transform = Transform3D(0.725819, 0, 0.687886, 0, 1, 0, -0.687886, 0, 0.725819, 12.7811, 0, 1.03146)
area = NodePath("../Meeple/Area3D")
direction_update_period_min = 0.7
direction_update_period_max = 1.6

[node name="Meeple10" parent="." node_paths=PackedStringArray("area") instance=ExtResource("4_1funl")]
transform = Transform3D(0.725819, 0, 0.687886, 0, 1, 0, -0.687886, 0, 0.725819, -13.5747, 0, -14.5063)
area = NodePath("../Meeple/Area3D")
direction_update_period_min = 0.7
direction_update_period_max = 1.6

[node name="Meeple11" parent="." node_paths=PackedStringArray("area") instance=ExtResource("4_1funl")]
transform = Transform3D(0.725819, 0, 0.687886, 0, 1, 0, -0.687886, 0, 0.725819, -2.28063, 0, 11.6152)
area = NodePath("../Meeple/Area3D")
direction_update_period_min = 0.7
direction_update_period_max = 1.6

[node name="Meeple12" parent="." node_paths=PackedStringArray("area") instance=ExtResource("4_1funl")]
transform = Transform3D(0.725819, 0, 0.687886, 0, 1, 0, -0.687886, 0, 0.725819, 14.8466, 0, -2.74581)
area = NodePath("../Meeple/Area3D")
direction_update_period_min = 0.7
direction_update_period_max = 1.6

[node name="DirectionalLight3D" type="DirectionalLight3D" parent="."]
transform = Transform3D(1, 0, 0, 0, -4.37114e-08, 1, 0, -1, -4.37114e-08, 0, 9, 0)

[node name="FloorSpawner" parent="." node_paths=PackedStringArray("spawnRoot") instance=ExtResource("4_sscqf")]
transform = Transform3D(1, 0, 0, 0, 1, 0, 0, 0, 1, 10, 0, 0)
direction = Vector2(5, 0)
interval = 3.0
spawns = 3
enemy = ExtResource("2_ac7km")
spawnRoot = NodePath("..")

[node name="WallSpawner" parent="." node_paths=PackedStringArray("spawnRoot") instance=ExtResource("5_qg3o4")]
transform = Transform3D(1, 0, 0, 0, 1, 0, 0, 0, 1, 0, 1, -20)
direction = Vector2(0, 3)
interval = 3.0
spawns = 3
enemy = ExtResource("2_ac7km")
spawnRoot = NodePath("..")

[node name="WallSpawner2" parent="." node_paths=PackedStringArray("spawnRoot") instance=ExtResource("5_qg3o4")]
transform = Transform3D(-4.37114e-08, 0, 1, 0, 1, 0, -1, 0, -4.37114e-08, -20, 1, 0)
direction = Vector2(1, 1)
interval = 3.0
spawns = 3
enemy = ExtResource("2_ac7km")
spawnRoot = NodePath("..")
